{
  "generated_by": {
    "program": "augur",
    "version": "10.3.0"
  },
  "models": {
    "country_exposure": {
      "alphabet": [
        "Australia",
        "China",
        "France",
        "Germany",
        "Greece",
        "Guam",
        "India",
        "Iran",
        "Jamaica",
        "Japan",
        "Malaysia",
        "Netherlands",
        "Spain",
        "Sri Lanka",
        "Taiwan",
        "Thailand",
        "USA",
        "Uruguay",
        "Vietnam",
        "?"
      ],
      "equilibrium_probabilities": [
        0.028791723694122806,
        0.039421860298480674,
        0.04646964806531511,
        0.056765705070172603,
        0.041413828917046584,
        0.06126736158538488,
        0.043013769192792296,
        0.05954661119889241,
        0.05500502950871247,
        0.06094687713795295,
        0.061267361585384865,
        0.05946064380900079,
        0.055661457142146153,
        0.06190864514874099,
        0.061908645148740636,
        0.05388902707118335,
        0.03622049094618069,
        0.058701241671590874,
        0.05834007280815893
      ],
      "rate": 476.62692586369735,
      "transition_matrix": [
        [
          0.0,
          1.0632246996137016,
          1.833110685579508,
          1.2342974705137726,
          2.5225365003773734,
          0.9441481011742178,
          3.0194390408726277,
          0.9541083333973627,
          0.9479136454017961,
          0.9800638087007245,
          0.9441481011742178,
          1.221219153863008,
          1.4242809510308867,
          0.9495516505001231,
          0.9495516505001236,
          1.2344246861586694,
          10.85814166941472,
          0.9439057957543628,
          0.9620288364499069
        ],
        [
          1.0632246996137016,
          0.0,
          1.2595045600145953,
          1.2423640394769078,
          0.9497743640607821,
          0.9480352399747632,
          1.1478065369587986,
          1.0328696657949834,
          0.9465281820113796,
          0.9465835885746487,
          0.9480352399747634,
          1.4192976859344966,
          1.1887391372662228,
          0.9845725986314916,
          0.984572598631491,
          1.668156656991247,
          3.1252019953864703,
          1.1949285603847464,
          1.2517199566829134
        ],
        [
          1.833110685579508,
          1.2595045600145953,
          0.0,
          1.2550122910414396,
          0.9480019479119997,
          0.9591124842424588,
          1.4104507369872978,
          0.9492089321839379,
          0.9452533981672544,
          0.9455135857178089,
          0.9591124842424592,
          0.945539810099534,
          0.9454097645527769,
          0.9480093309721053,
          0.9480093309721057,
          0.9460571243752341,
          3.053769553042812,
          0.9451944704459319,
          0.9471897355291089
        ],
        [
          1.2342974705137726,
          1.2423640394769078,
          1.2550122910414396,
          0.0,
          0.9451286358432187,
          0.9447947257322874,
          0.9534424386515937,
          0.9471047718922373,
          0.9446991912581152,
          0.9450230120498314,
          0.9447947257322874,
          0.9454157383803851,
          0.9448491350099564,
          0.9467308957324628,
          0.9467308957324629,
          0.9456466070760351,
          1.1319151948936612,
          0.9449219245653206,
          0.9459197922371652
        ],
        [
          2.5225365003773734,
          0.9497743640607821,
          0.9480019479119997,
          0.9451286358432187,
          0.0,
          0.944486292850314,
          1.6604342511513233,
          0.9474301442149582,
          0.9445974003822277,
          1.3648084576262276,
          0.944486292850314,
          0.9444335875695454,
          0.944645415218504,
          0.9465990726951699,
          0.9465990726951699,
          0.9457568736986189,
          2.6015726863389044,
          0.9443315568881125,
          0.9455095315841254
        ],
        [
          0.9441481011742178,
          0.9480352399747632,
          0.9591124842424588,
          0.9447947257322874,
          0.944486292850314,
          0.0,
          1.3980301791859144,
          0.9464422118091798,
          0.9438670523334068,
          0.9440793214119386,
          0.9546077005208684,
          0.943830108260216,
          0.9437431194659284,
          0.9459014882512571,
          0.9459014882512571,
          0.9438587401865542,
          0.9537741810621818,
          0.9438349407436012,
          0.9444558695955301
        ],
        [
          3.0194390408726277,
          1.1478065369587986,
          1.4104507369872978,
          0.9534424386515937,
          1.6604342511513233,
          1.3980301791859144,
          0.0,
          1.0345000811166456,
          0.9448677290224535,
          0.9456658273675765,
          1.3980301791859149,
          0.9575232941019909,
          0.9450005756242605,
          0.9840732220412226,
          0.9840732220412252,
          0.9596487262192621,
          3.209087040232104,
          0.9446213865716401,
          0.9464609016786624
        ],
        [
          0.9541083333973627,
          1.0328696657949834,
          0.9492089321839379,
          0.9471047718922373,
          0.9474301442149582,
          0.9464422118091798,
          1.0345000811166456,
          0.0,
          0.9460231315355092,
          0.9461247575083173,
          0.94644221180918,
          0.946204222460772,
          0.9458909092804292,
          1.1295085153046216,
          1.1295085153046143,
          0.9468706056115604,
          1.1195193798158738,
          0.9460539682344739,
          0.9468818515385048
        ],
        [
          0.9479136454017961,
          0.9465281820113796,
          0.9452533981672544,
          0.9446991912581152,
          0.9445974003822277,
          0.9438670523334068,
          0.9448677290224535,
          0.9460231315355092,
          0.0,
          0.9441113655982225,
          0.9438670523334068,
          0.9438206479351189,
          0.9437691329730242,
          0.9457051819299942,
          0.9457051819299943,
          0.9439142285305051,
          1.4176923834018496,
          0.9438369142321227,
          0.944618948159629
        ],
        [
          0.9800638087007245,
          0.9465835885746487,
          0.9455135857178089,
          0.9450230120498314,
          1.3648084576262276,
          0.9440793214119386,
          0.9456658273675765,
          0.9461247575083173,
          0.9441113655982225,
          0.0,
          0.9440793214119386,
          0.9440640697432473,
          0.9440015008984258,
          0.9458653860822406,
          0.9458653860822409,
          0.944155782043108,
          0.9963436033184235,
          0.9440593087547324,
          0.944687647032698
        ],
        [
          0.9441481011742178,
          0.9480352399747634,
          0.9591124842424592,
          0.9447947257322874,
          0.944486292850314,
          0.9546077005208684,
          1.3980301791859149,
          0.94644221180918,
          0.9438670523334068,
          0.9440793214119386,
          0.0,
          0.943830108260216,
          0.9437431194659284,
          0.9459014882512571,
          0.9459014882512573,
          0.9438587401865542,
          0.9537741810621818,
          0.9438349407436012,
          0.9444558695955301
        ],
        [
          1.221219153863008,
          1.4192976859344966,
          0.945539810099534,
          0.9454157383803851,
          0.9444335875695454,
          0.943830108260216,
          0.9575232941019909,
          0.946204222460772,
          0.9438206479351189,
          0.9440640697432473,
          0.943830108260216,
          0.0,
          0.9437426837101648,
          0.9458381186091498,
          0.9458381186091498,
          0.9441631014271352,
          1.1257742314512833,
          0.9437769972162273,
          0.9448002838239775
        ],
        [
          1.4242809510308867,
          1.1887391372662228,
          0.9454097645527769,
          0.9448491350099564,
          0.944645415218504,
          0.9437431194659284,
          0.9450005756242605,
          0.9458909092804292,
          0.9437691329730242,
          0.9440015008984258,
          0.9437431194659284,
          0.9437426837101648,
          0.0,
          0.9455658755578044,
          0.9455658755578044,
          0.9448155922107662,
          1.164368510488844,
          0.9441227660788181,
          0.9445964747242455
        ],
        [
          0.9495516505001231,
          0.9845725986314916,
          0.9480093309721053,
          0.9467308957324628,
          0.9465990726951699,
          0.9459014882512571,
          0.9840732220412226,
          1.1295085153046216,
          0.9457051819299942,
          0.9458653860822406,
          0.9459014882512571,
          0.9458381186091498,
          0.9455658755578044,
          0.0,
          1.32642354197068,
          0.9462312911613966,
          1.0171098516157808,
          0.9457241839661404,
          0.9464604699716934
        ],
        [
          0.9495516505001236,
          0.984572598631491,
          0.9480093309721057,
          0.9467308957324629,
          0.9465990726951699,
          0.9459014882512571,
          0.9840732220412252,
          1.1295085153046143,
          0.9457051819299943,
          0.9458653860822409,
          0.9459014882512573,
          0.9458381186091498,
          0.9455658755578044,
          1.32642354197068,
          0.0,
          0.9462312911613966,
          1.0171098516157826,
          0.9457241839661404,
          0.9464604699716936
        ],
        [
          1.2344246861586694,
          1.668156656991247,
          0.9460571243752341,
          0.9456466070760351,
          0.9457568736986189,
          0.9438587401865542,
          0.9596487262192621,
          0.9468706056115604,
          0.9439142285305051,
          0.944155782043108,
          0.9438587401865542,
          0.9441631014271352,
          0.9448155922107662,
          0.9462312911613966,
          0.9462312911613966,
          0.0,
          1.8226285911773354,
          0.9448279597021954,
          0.9454410279108054
        ],
        [
          10.85814166941472,
          3.1252019953864703,
          3.053769553042812,
          1.1319151948936612,
          2.6015726863389044,
          0.9537741810621818,
          3.209087040232104,
          1.1195193798158738,
          1.4176923834018496,
          0.9963436033184235,
          0.9537741810621818,
          1.1257742314512833,
          1.164368510488844,
          1.0171098516157808,
          1.0171098516157826,
          1.8226285911773354,
          0.0,
          1.1667899287206522,
          1.1735084738342296
        ],
        [
          0.9439057957543628,
          1.1949285603847464,
          0.9451944704459319,
          0.9449219245653206,
          0.9443315568881125,
          0.9438349407436012,
          0.9446213865716401,
          0.9460539682344739,
          0.9438369142321227,
          0.9440593087547324,
          0.9438349407436012,
          0.9437769972162273,
          0.9441227660788181,
          0.9457241839661404,
          0.9457241839661404,
          0.9448279597021954,
          1.1667899287206522,
          0.0,
          0.9446594245413703
        ],
        [
          0.9620288364499069,
          1.2517199566829134,
          0.9471897355291089,
          0.9459197922371652,
          0.9455095315841254,
          0.9444558695955301,
          0.9464609016786624,
          0.9468818515385048,
          0.944618948159629,
          0.944687647032698,
          0.9444558695955301,
          0.9448002838239775,
          0.9445964747242455,
          0.9464604699716934,
          0.9464604699716936,
          0.9454410279108054,
          1.1735084738342296,
          0.9446594245413703,
          0.0
        ]
      ]
    }
  },
  "nodes": {
    "Australia/VIC05/2020": {
      "country_exposure": "Australia",
      "country_exposure_confidence": {
        "Australia": 1.0
      },
      "country_exposure_entropy": -1.000088900581841e-12
    },
    "Australia/VIC1008/2020": {
      "country_exposure": "Australia",
      "country_exposure_confidence": {
        "Australia": 1.0
      },
      "country_exposure_entropy": -1.000088900581841e-12
    },
    "Australia/VIC1018/2020": {
      "country_exposure": "Australia",
      "country_exposure_confidence": {
        "Australia": 1.0
      },
      "country_exposure_entropy": -1.000088900581841e-12
    },
    "Australia/VIC1038/2020": {
      "country_exposure": "Australia",
      "country_exposure_confidence": {
        "Australia": 1.0
      },
      "country_exposure_entropy": -1.000088900581841e-12
    },
    "Australia/VIC1045/2020": {
      "country_exposure": "Australia",
      "country_exposure_confidence": {
        "Australia": 1.0
      },
      "country_exposure_entropy": -1.000088900581841e-12
    },
    "Australia/VIC1048/2020": {
      "country_exposure": "Australia",
      "country_exposure_confidence": {
        "Australia": 1.0
      },
      "country_exposure_entropy": -1.000088900581841e-12
    },
    "Australia/VIC1062/2020": {
      "country_exposure": "Australia",
      "country_exposure_confidence": {
        "Australia": 1.0
      },
      "country_exposure_entropy": -1.000088900581841e-12
    },
    "Australia/VIC1120/2020": {
      "country_exposure": "Australia",
      "country_exposure_confidence": {
        "Australia": 1.0
      },
      "country_exposure_entropy": -1.000088900581841e-12
    },
    "Australia/VIC1135/2020": {
      "country_exposure": "Australia",
      "country_exposure_confidence": {
        "Australia": 1.0
      },
      "country_exposure_entropy": -1.000088900581841e-12
    },
    "Australia/VIC1139/2020": {
      "country_exposure": "Australia",
      "country_exposure_confidence": {
        "Australia": 0.9999999999999999
      },
      "country_exposure_entropy": -9.99866855976916e-13
    },
    "Australia/VIC1175/2020": {
      "country_exposure": "Australia",
      "country_exposure_confidence": {
        "Australia": 1.0
      },
      "country_exposure_entropy": -1.000088900581841e-12
    },
    "Australia/VIC1186/2020": {
      "country_exposure": "Australia",
      "country_exposure_confidence": {
        "Australia": 1.0
      },
      "country_exposure_entropy": -1.000088900581841e-12
    },
    "Australia/VIC1199/2020": {
      "country_exposure": "Australia",
      "country_exposure_confidence": {
        "Australia": 1.0
      },
      "country_exposure_entropy": -1.000088900581841e-12
    },
    "Australia/VIC1208/2020": {
      "country_exposure": "Australia",
      "country_exposure_confidence": {
        "Australia": 0.9999999999999999
      },
      "country_exposure_entropy": -9.99866855976916e-13
    },
    "Australia/VIC1251/2020": {
      "country_exposure": "Australia",
      "country_exposure_confidence": {
        "Australia": 1.0
      },
      "country_exposure_entropy": -1.000088900581841e-12
    },
    "Australia/VIC14/2020": {
      "country_exposure": "Australia",
      "country_exposure_confidence": {
        "Australia": 0.9999999999999999
      },
      "country_exposure_entropy": -9.99866855976916e-13
    },
    "Australia/VIC187/2020": {
      "country_exposure": "Australia",
      "country_exposure_confidence": {
        "Australia": 1.0
      },
      "country_exposure_entropy": -1.000088900581841e-12
    },
    "Australia/VIC205/2020": {
      "country_exposure": "Australia",
      "country_exposure_confidence": {
        "Australia": 1.0
      },
      "country_exposure_entropy": -1.000088900581841e-12
    },
    "Australia/VIC241/2020": {
      "country_exposure": "Australia",
      "country_exposure_confidence": {
        "Australia": 1.0
      },
      "country_exposure_entropy": -1.000088900581841e-12
    },
    "Australia/VIC295/2020": {
      "country_exposure": "Australia",
      "country_exposure_confidence": {
        "Australia": 1.0
      },
      "country_exposure_entropy": -1.000088900581841e-12
    },
    "Australia/VIC300/2020": {
      "country_exposure": "Australia",
      "country_exposure_confidence": {
        "Australia": 1.0
      },
      "country_exposure_entropy": -1.000088900581841e-12
    },
    "Australia/VIC306/2020": {
      "country_exposure": "Australia",
      "country_exposure_confidence": {
        "Australia": 1.0
      },
      "country_exposure_entropy": -1.000088900581841e-12
    },
    "Australia/VIC312/2020": {
      "country_exposure": "Australia",
      "country_exposure_confidence": {
        "Australia": 1.0
      },
      "country_exposure_entropy": -1.000088900581841e-12
    },
    "Australia/VIC329/2020": {
      "country_exposure": "Australia",
      "country_exposure_confidence": {
        "Australia": 1.0
      },
      "country_exposure_entropy": -1.000088900581841e-12
    },
    "Australia/VIC330/2020": {
      "country_exposure": "Australia",
      "country_exposure_confidence": {
        "Australia": 1.0
      },
      "country_exposure_entropy": -1.000088900581841e-12
    },
    "Australia/VIC423/2020": {
      "country_exposure": "Australia",
      "country_exposure_confidence": {
        "Australia": 1.0
      },
      "country_exposure_entropy": -1.000088900581841e-12
    },
    "Australia/VIC431/2020": {
      "country_exposure": "Australia",
      "country_exposure_confidence": {
        "Australia": 1.0
      },
      "country_exposure_entropy": -1.000088900581841e-12
    },
    "Australia/VIC498/2020": {
      "country_exposure": "Australia",
      "country_exposure_confidence": {
        "Australia": 1.0
      },
      "country_exposure_entropy": -1.000088900581841e-12
    },
    "Australia/VIC549/2020": {
      "country_exposure": "Australia",
      "country_exposure_confidence": {
        "Australia": 0.9999999999999999
      },
      "country_exposure_entropy": -9.99866855976916e-13
    },
    "Australia/VIC583/2020": {
      "country_exposure": "Australia",
      "country_exposure_confidence": {
        "Australia": 1.0
      },
      "country_exposure_entropy": -1.000088900581841e-12
    },
    "Australia/VIC720/2020": {
      "country_exposure": "Australia",
      "country_exposure_confidence": {
        "Australia": 1.0
      },
      "country_exposure_entropy": -1.000088900581841e-12
    },
    "Australia/VIC797/2020": {
      "country_exposure": "Australia",
      "country_exposure_confidence": {
        "Australia": 1.0
      },
      "country_exposure_entropy": -1.000088900581841e-12
    },
    "Australia/VIC800/2020": {
      "country_exposure": "Australia",
      "country_exposure_confidence": {
        "Australia": 1.0
      },
      "country_exposure_entropy": -1.000088900581841e-12
    },
    "Australia/VIC803/2020": {
      "country_exposure": "Australia",
      "country_exposure_confidence": {
        "Australia": 1.0
      },
      "country_exposure_entropy": -1.000088900581841e-12
    },
    "Australia/VIC824/2020": {
      "country_exposure": "Australia",
      "country_exposure_confidence": {
        "Australia": 1.0
      },
      "country_exposure_entropy": -1.000088900581841e-12
    },
    "Australia/VIC851/2020": {
      "country_exposure": "Australia",
      "country_exposure_confidence": {
        "Australia": 1.0
      },
      "country_exposure_entropy": -1.000088900581841e-12
    },
    "Australia/VIC96/2020": {
      "country_exposure": "Australia",
      "country_exposure_confidence": {
        "Australia": 1.0
      },
      "country_exposure_entropy": -1.000088900581841e-12
    },
    "Australia/VIC962/2020": {
      "country_exposure": "Australia",
      "country_exposure_confidence": {
        "Australia": 1.0
      },
      "country_exposure_entropy": -1.000088900581841e-12
    },
    "Australia/VIC985/2020": {
      "country_exposure": "Australia",
      "country_exposure_confidence": {
        "Australia": 1.0
      },
      "country_exposure_entropy": -1.000088900581841e-12
    },
    "China/Beijing_IME-BJ05/2020": {
      "country_exposure": "China",
      "country_exposure_confidence": {
        "China": 1.0
      },
      "country_exposure_entropy": -1.000088900581841e-12
    },
    "China/WHUHnCoV020/2020": {
      "country_exposure": "China",
      "country_exposure_confidence": {
        "China": 1.0
      },
      "country_exposure_entropy": -1.000088900581841e-12
    },
    "China/Wuhan_YB012611/2020": {
      "country_exposure": "China",
      "country_exposure_confidence": {
        "China": 1.0
      },
      "country_exposure_entropy": -1.000088900581841e-12
    },
    "ENV/USA/UF-11/2020": {
      "country_exposure": "USA",
      "country_exposure_confidence": {
        "USA": 1.0
      },
      "country_exposure_entropy": -1.000088900581841e-12
    },
    "France/10006HC/2020": {
      "country_exposure": "France",
      "country_exposure_confidence": {
        "France": 1.0
      },
      "country_exposure_entropy": -1.000088900581841e-12
    },
    "France/10015BY/2020": {
      "country_exposure": "France",
      "country_exposure_confidence": {
        "France": 1.0
      },
      "country_exposure_entropy": -1.000088900581841e-12
    },
    "France/10023FD/2020": {
      "country_exposure": "France",
      "country_exposure_confidence": {
        "France": 1.0
      },
      "country_exposure_entropy": -1.000088900581841e-12
    },
    "France/10041MR/2020": {
      "country_exposure": "France",
      "country_exposure_confidence": {
        "France": 1.0
      },
      "country_exposure_entropy": -1.000088900581841e-12
    },
    "France/10045DZ/2020": {
      "country_exposure": "France",
      "country_exposure_confidence": {
        "France": 0.9999999999999999
      },
      "country_exposure_entropy": -9.99866855976916e-13
    },
    "France/10060KV/2020": {
      "country_exposure": "France",
      "country_exposure_confidence": {
        "France": 1.0
      },
      "country_exposure_entropy": -1.000088900581841e-12
    },
    "France/10068ND/2020": {
      "country_exposure": "France",
      "country_exposure_confidence": {
        "France": 1.0
      },
      "country_exposure_entropy": -1.000088900581841e-12
    },
    "France/10078MA/2020": {
      "country_exposure": "France",
      "country_exposure_confidence": {
        "France": 1.0
      },
      "country_exposure_entropy": -1.000088900581841e-12
    },
    "France/40003KA/2020": {
      "country_exposure": "France",
      "country_exposure_confidence": {
        "France": 1.0
      },
      "country_exposure_entropy": -1.000088900581841e-12
    },
    "France/50001AR/2020": {
      "country_exposure": "France",
      "country_exposure_confidence": {
        "France": 1.0
      },
      "country_exposure_entropy": -1.000088900581841e-12
    },
    "Germany/BavPat1-ChVir929/2020": {
      "country_exposure": "Germany",
      "country_exposure_confidence": {
        "Germany": 0.9999999999999999
      },
      "country_exposure_entropy": -9.99866855976916e-13
    },
    "Germany/BavPat3-ChVir1020/2020": {
      "country_exposure": "Germany",
      "country_exposure_confidence": {
        "Germany": 0.9999999999999999
      },
      "country_exposure_entropy": -9.99866855976916e-13
    },
    "Greece/139_32716/2020": {
      "country_exposure": "Greece",
      "country_exposure_confidence": {
        "Greece": 1.0
      },
      "country_exposure_entropy": -1.000088900581841e-12
    },
    "Greece/209_33926/2020": {
      "country_exposure": "Greece",
      "country_exposure_confidence": {
        "Greece": 1.0
      },
      "country_exposure_entropy": -1.000088900581841e-12
    },
    "Greece/222_33921/2020": {
      "country_exposure": "Greece",
      "country_exposure_confidence": {
        "Greece": 1.0
      },
      "country_exposure_entropy": -1.000088900581841e-12
    },
    "Greece/226_35576/2020": {
      "country_exposure": "Greece",
      "country_exposure_confidence": {
        "Greece": 1.0
      },
      "country_exposure_entropy": -1.000088900581841e-12
    },
    "Greece/227_35969/2020": {
      "country_exposure": "Greece",
      "country_exposure_confidence": {
        "Greece": 1.0
      },
      "country_exposure_entropy": -1.000088900581841e-12
    },
    "Greece/246_32206/2020": {
      "country_exposure": "Greece",
      "country_exposure_confidence": {
        "Greece": 1.0
      },
      "country_exposure_entropy": -1.000088900581841e-12
    },
    "Greece/248_32261/2020": {
      "country_exposure": "Greece",
      "country_exposure_confidence": {
        "Greece": 1.0
      },
      "country_exposure_entropy": -1.000088900581841e-12
    },
    "Greece/259_31928/2020": {
      "country_exposure": "Greece",
      "country_exposure_confidence": {
        "Greece": 1.0
      },
      "country_exposure_entropy": -1.000088900581841e-12
    },
    "Greece/37_35684/2020": {
      "country_exposure": "Greece",
      "country_exposure_confidence": {
        "Greece": 1.0
      },
      "country_exposure_entropy": -1.000088900581841e-12
    },
    "Greece/41_36861/2020": {
      "country_exposure": "Greece",
      "country_exposure_confidence": {
        "Greece": 1.0
      },
      "country_exposure_entropy": -1.000088900581841e-12
    },
    "Guam/GU-NHG-01/2020": {
      "country_exposure": "Guam",
      "country_exposure_confidence": {
        "Guam": 0.9999999999999999
      },
      "country_exposure_entropy": -9.99866855976916e-13
    },
    "Hangzhou/HZ-1/2020": {
      "country_exposure": "China",
      "country_exposure_confidence": {
        "China": 1.0
      },
      "country_exposure_entropy": -1.000088900581841e-12
    },
    "India/GBRC14/2020": {
      "country_exposure": "India",
      "country_exposure_confidence": {
        "India": 0.9999999999999999
      },
      "country_exposure_entropy": -9.99866855976916e-13
    },
    "India/GBRC20/2020": {
      "country_exposure": "India",
      "country_exposure_confidence": {
        "India": 1.0
      },
      "country_exposure_entropy": -1.000088900581841e-12
    },
    "India/GBRC21/2020": {
      "country_exposure": "India",
      "country_exposure_confidence": {
        "India": 1.0
      },
      "country_exposure_entropy": -1.000088900581841e-12
    },
    "India/GBRC26/2020": {
      "country_exposure": "India",
      "country_exposure_confidence": {
        "India": 1.0
      },
      "country_exposure_entropy": -1.000088900581841e-12
    },
    "India/GBRC29/2020": {
      "country_exposure": "India",
      "country_exposure_confidence": {
        "India": 1.0
      },
      "country_exposure_entropy": -1.000088900581841e-12
    },
    "India/GBRC51/2020": {
      "country_exposure": "India",
      "country_exposure_confidence": {
        "India": 1.0
      },
      "country_exposure_entropy": -1.000088900581841e-12
    },
    "India/GBRC56a/2020": {
      "country_exposure": "India",
      "country_exposure_confidence": {
        "India": 0.9999999999999999
      },
      "country_exposure_entropy": -9.99866855976916e-13
    },
    "India/GBRC8/2020": {
      "country_exposure": "India",
      "country_exposure_confidence": {
        "India": 1.0
      },
      "country_exposure_entropy": -1.000088900581841e-12
    },
    "India/GBRC85/2020": {
      "country_exposure": "India",
      "country_exposure_confidence": {
        "India": 1.0
      },
      "country_exposure_entropy": -1.000088900581841e-12
    },
    "India/GBRC88a/2020": {
      "country_exposure": "India",
      "country_exposure_confidence": {
        "India": 1.0
      },
      "country_exposure_entropy": -1.000088900581841e-12
    },
    "India/GBRC9/2020": {
      "country_exposure": "India",
      "country_exposure_confidence": {
        "India": 1.0
      },
      "country_exposure_entropy": -1.000088900581841e-12
    },
    "India/GBRC96/2020": {
      "country_exposure": "India",
      "country_exposure_confidence": {
        "India": 1.0
      },
      "country_exposure_entropy": -1.000088900581841e-12
    },
    "India/GBRC97a/2020": {
      "country_exposure": "India",
      "country_exposure_confidence": {
        "India": 1.0
      },
      "country_exposure_entropy": -1.000088900581841e-12
    },
    "India/GMC-KP1125/2020": {
      "country_exposure": "India",
      "country_exposure_confidence": {
        "India": 1.0
      },
      "country_exposure_entropy": -1.000088900581841e-12
    },
    "India/GMCKN318/2020": {
      "country_exposure": "India",
      "country_exposure_confidence": {
        "India": 1.0
      },
      "country_exposure_entropy": -1.000088900581841e-12
    },
    "India/GMCTC469/2020": {
      "country_exposure": "India",
      "country_exposure_confidence": {
        "India": 0.9999999999999999
      },
      "country_exposure_entropy": -9.99866855976916e-13
    },
    "India/nimh-2873/2020": {
      "country_exposure": "India",
      "country_exposure_confidence": {
        "India": 1.0
      },
      "country_exposure_entropy": -1.000088900581841e-12
    },
    "India/nimh-3952/2020": {
      "country_exposure": "India",
      "country_exposure_confidence": {
        "India": 1.0
      },
      "country_exposure_entropy": -1.000088900581841e-12
    },
    "Iran/HGRC-1.1-IPI-8206/2020": {
      "country_exposure": "Iran",
      "country_exposure_confidence": {
        "Iran": 1.0
      },
      "country_exposure_entropy": -1.000088900581841e-12
    },
    "Jamaica/JM-CDC-7286/2020": {
      "country_exposure": "Jamaica",
      "country_exposure_confidence": {
        "Jamaica": 0.9999999999999999
      },
      "country_exposure_entropy": -9.99866855976916e-13
    },
    "Japan/P4-6/2020": {
      "country_exposure": "Japan",
      "country_exposure_confidence": {
        "Japan": 1.0
      },
      "country_exposure_entropy": -1.000088900581841e-12
    },
    "Malaysia/189332/2020": {
      "country_exposure": "Malaysia",
      "country_exposure_confidence": {
        "Malaysia": 1.0
      },
      "country_exposure_entropy": -1.000088900581841e-12
    },
    "NODE_0000000": {
      "country_exposure": "China",
      "country_exposure_confidence": {
        "China": 0.9987984019888508,
        "USA": 0.0011239762507231643
      },
      "country_exposure_entropy": 0.009673957699188364
    },
    "NODE_0000003": {
      "country_exposure": "USA",
      "country_exposure_confidence": {
        "Australia": 0.03810456355415989,
        "China": 0.011268939665361537,
        "India": 0.0021125825891388055,
        "USA": 0.9396235581267001
      },
      "country_exposure_entropy": 0.31033314631426734
    },
    "NODE_0000009": {
      "country_exposure": "India",
      "country_exposure_confidence": {
        "Australia": 0.006086299913475776,
        "France": 0.00809177985827801,
        "India": 0.9471378435747878,
        "USA": 0.022975920609817093
      },
      "country_exposure_entropy": 0.3085420279156831
    },
    "NODE_0000010": {
      "country_exposure": "India",
      "country_exposure_confidence": {
        "Australia": 0.011626656645984147,
        "France": 0.0037290624137317754,
        "India": 0.8925039529154607,
        "USA": 0.07890370174438513
      },
      "country_exposure_entropy": 0.4661607244934577
    },
    "NODE_0000011": {
      "country_exposure": "USA",
      "country_exposure_confidence": {
        "Australia": 0.024972999172206314,
        "China": 0.0020422623455238916,
        "France": 0.014191695422827603,
        "USA": 0.9524081602130028
      },
      "country_exposure_entropy": 0.2591284141446088
    },
    "NODE_0000013": {
      "country_exposure": "USA",
      "country_exposure_confidence": {
        "Australia": 0.05658832871973614,
        "China": 0.23166764361723452,
        "India": 0.20927504683419676,
        "USA": 0.36014099617050593
      },
      "country_exposure_entropy": 1.8126547210459487
    },
    "NODE_0000014": {
      "country_exposure": "Iran",
      "country_exposure_confidence": {
        "Iran": 0.36789354797362017,
        "Sri Lanka": 0.11599138583020219,
        "Taiwan": 0.11599138583020194,
        "USA": 0.0919289016771631
      },
      "country_exposure_entropy": 2.1805012895080926
    },
    "NODE_0000015": {
      "country_exposure": "Taiwan",
      "country_exposure_confidence": {
        "Iran": 0.10597271254687157,
        "Sri Lanka": 0.35726682382082936,
        "Taiwan": 0.35726682382082964,
        "USA": 0.022652634697209836
      },
      "country_exposure_entropy": 1.7641738987615783
    },
    "NODE_0000016": {
      "country_exposure": "Spain",
      "country_exposure_confidence": {
        "Australia": 0.0026455796644628726,
        "Spain": 0.9919140028484206,
        "USA": 0.001607723785069004
      },
      "country_exposure_entropy": 0.06553360744203396
    },
    "NODE_0000017": {
      "country_exposure": "USA",
      "country_exposure_confidence": {
        "Australia": 0.11104840392933626,
        "Greece": 0.014564982063956912,
        "India": 0.01768619942581379,
        "USA": 0.8264991555310088
      },
      "country_exposure_entropy": 0.6926805896154392
    },
    "NODE_0000018": {
      "country_exposure": "Spain",
      "country_exposure_confidence": {
        "Spain": 0.9990571334435955
      },
      "country_exposure_entropy": 0.010168276606642922
    },
    "NODE_0000019": {
      "country_exposure": "Australia",
      "country_exposure_confidence": {
        "Australia": 0.4594464921601918,
        "Greece": 0.16768958739069822,
        "India": 0.013366394588117312,
        "USA": 0.3278169012843845
      },
      "country_exposure_entropy": 1.2719164537832444
    },
    "NODE_0000020": {
      "country_exposure": "USA",
      "country_exposure_confidence": {
        "Australia": 0.06197488266709217,
        "China": 0.00999147052883367,
        "Thailand": 0.08135654018661227,
        "USA": 0.807581229798782
      },
      "country_exposure_entropy": 0.8144136377323168
    },
    "NODE_0000021": {
      "country_exposure": "India",
      "country_exposure_confidence": {
        "China": 0.023118792317905888,
        "France": 0.023985975565711574,
        "India": 0.8128434987757834,
        "USA": 0.06315521064585589
      },
      "country_exposure_entropy": 0.8937990779650639
    },
    "NODE_0000022": {
      "country_exposure": "India",
      "country_exposure_confidence": {
        "France": 0.06770114036272463,
        "Guam": 0.04723602271372497,
        "India": 0.7782941430420567,
        "Malaysia": 0.04723602271372487
      },
      "country_exposure_entropy": 0.9391923704217748
    },
    "NODE_0000023": {
      "country_exposure": "Australia",
      "country_exposure_confidence": {
        "Australia": 0.977639286021836,
        "USA": 0.020558278764399234
      },
      "country_exposure_entropy": 0.11766580508927081
    },
    "NODE_0000024": {
      "country_exposure": "USA",
      "country_exposure_confidence": {
        "Australia": 0.0149794371224689,
        "USA": 0.981736948762705
      },
      "country_exposure_entropy": 0.10755874753669274
    },
    "NODE_0000025": {
      "country_exposure": "USA",
      "country_exposure_confidence": {
        "Australia": 0.009017503684333609,
        "USA": 0.9881840273424293
      },
      "country_exposure_entropy": 0.07728427838634494
    },
    "NODE_0000026": {
      "country_exposure": "USA",
      "country_exposure_confidence": {
        "Australia": 0.01717937113534515,
        "USA": 0.9790863752393822
      },
      "country_exposure_entropy": 0.12017650822389614
    },
    "NODE_0000027": {
      "country_exposure": "USA",
      "country_exposure_confidence": {
        "Australia": 0.009396491241622566,
        "USA": 0.9877517421065973
      },
      "country_exposure_entropy": 0.07949076455209406
    },
    "NODE_0000028": {
      "country_exposure": "China",
      "country_exposure_confidence": {
        "Australia": 0.010382049765725206,
        "China": 0.6077222319323461,
        "Thailand": 0.008297127835821632,
        "USA": 0.36706457469883774
      },
      "country_exposure_entropy": 0.8011275679211214
    },
    "NODE_0000029": {
      "country_exposure": "USA",
      "country_exposure_confidence": {
        "Australia": 0.026697362309686473,
        "USA": 0.9691219890181502
      },
      "country_exposure_entropy": 0.15987734920173158
    },
    "NODE_0000030": {
      "country_exposure": "USA",
      "country_exposure_confidence": {
        "Australia": 0.07327643510127813,
        "China": 0.06435024665124411,
        "India": 0.0037246639082939405,
        "USA": 0.8406753338187366
      },
      "country_exposure_entropy": 0.652498759818003
    },
    "NODE_0000031": {
      "country_exposure": "USA",
      "country_exposure_confidence": {
        "Australia": 0.2381907949603216,
        "China": 0.008492524007856111,
        "India": 0.003153923656131682,
        "USA": 0.7397158504754139
      },
      "country_exposure_entropy": 0.6968178496512653
    },
    "NODE_0000032": {
      "country_exposure": "USA",
      "country_exposure_confidence": {
        "Australia": 0.011010069706612726,
        "USA": 0.9860429213356434
      },
      "country_exposure_entropy": 0.08765341956637768
    },
    "NODE_0000033": {
      "country_exposure": "USA",
      "country_exposure_confidence": {
        "Australia": 0.06530840742375463,
        "India": 0.0012968479939669242,
        "USA": 0.9291027528276485
      },
      "country_exposure_entropy": 0.2887719985299867
    },
    "NODE_0000034": {
      "country_exposure": "USA",
      "country_exposure_confidence": {
        "Australia": 0.22173039838229325,
        "France": 0.0014565684936916395,
        "India": 0.0021887107416651073,
        "USA": 0.7692092729206276
      },
      "country_exposure_entropy": 0.6003232538512904
    },
    "NODE_0000035": {
      "country_exposure": "Spain",
      "country_exposure_confidence": {
        "Australia": 0.07335967923774143,
        "China": 0.018587967330220962,
        "Spain": 0.8484763767621776,
        "USA": 0.0464141560262749
      },
      "country_exposure_entropy": 0.6392873324499276
    },
    "NODE_0000036": {
      "country_exposure": "USA",
      "country_exposure_confidence": {
        "Australia": 0.017548633658973453,
        "USA": 0.9791544725632656
      },
      "country_exposure_entropy": 0.11823760446566423
    },
    "NODE_0000037": {
      "country_exposure": "Australia",
      "country_exposure_confidence": {
        "Australia": 0.9268946573590569,
        "India": 0.002906004341345038,
        "Spain": 0.030524758861141126,
        "USA": 0.026730873871125403
      },
      "country_exposure_entropy": 0.3808070319331446
    },
    "NODE_0000038": {
      "country_exposure": "China",
      "country_exposure_confidence": {
        "China": 0.9559744840689465,
        "France": 0.01150797125039119,
        "Germany": 0.010631138560993503,
        "USA": 0.006726279910943252
      },
      "country_exposure_entropy": 0.2802981077232299
    },
    "NODE_0000039": {
      "country_exposure": "China",
      "country_exposure_confidence": {
        "China": 0.991450154481932,
        "France": 0.0010796188593997324,
        "USA": 0.0024652092963915245
      },
      "country_exposure_entropy": 0.07001363802802983
    },
    "NODE_0000040": {
      "country_exposure": "USA",
      "country_exposure_confidence": {
        "Australia": 0.01716837835763655,
        "China": 0.049261442184932044,
        "France": 0.0021240414455542885,
        "USA": 0.9205324710653736
      },
      "country_exposure_entropy": 0.3841152012660147
    },
    "NODE_0000041": {
      "country_exposure": "USA",
      "country_exposure_confidence": {
